-20 -1.33457e+07
-19.98 -1.33657e+07
-19.96 -1.33858e+07
-19.94 -1.34059e+07
-19.92 -1.34261e+07
-19.9 -1.34463e+07
-19.88 -1.34665e+07
-19.86 -1.34868e+07
-19.84 -1.35072e+07
-19.82 -1.35276e+07
-19.8 -1.3548e+07
-19.78 -1.35685e+07
-19.76 -1.35891e+07
-19.74 -1.36097e+07
-19.72 -1.36303e+07
-19.7 -1.3651e+07
-19.68 -1.36717e+07
-19.66 -1.36925e+07
-19.64 -1.37134e+07
-19.62 -1.37343e+07
-19.6 -1.37552e+07
-19.58 -1.37762e+07
-19.56 -1.37972e+07
-19.54 -1.38183e+07
-19.52 -1.38395e+07
-19.5 -1.38606e+07
-19.48 -1.38819e+07
-19.46 -1.39032e+07
-19.44 -1.39245e+07
-19.42 -1.39459e+07
-19.4 -1.39674e+07
-19.38 -1.39889e+07
-19.36 -1.40104e+07
-19.34 -1.4032e+07
-19.32 -1.40536e+07
-19.3 -1.40754e+07
-19.28 -1.40971e+07
-19.26 -1.41189e+07
-19.24 -1.41408e+07
-19.22 -1.41627e+07
-19.2 -1.41847e+07
-19.18 -1.42067e+07
-19.16 -1.42287e+07
-19.14 -1.42509e+07
-19.12 -1.42731e+07
-19.1 -1.42953e+07
-19.08 -1.43176e+07
-19.06 -1.43399e+07
-19.04 -1.43623e+07
-19.02 -1.43848e+07
-19 -1.44073e+07
-18.98 -1.44298e+07
-18.96 -1.44524e+07
-18.94 -1.44751e+07
-18.92 -1.44978e+07
-18.9 -1.45206e+07
-18.88 -1.45435e+07
-18.86 -1.45664e+07
-18.84 -1.45893e+07
-18.82 -1.46123e+07
-18.8 -1.46354e+07
-18.78 -1.46585e+07
-18.76 -1.46817e+07
-18.74 -1.47049e+07
-18.72 -1.47282e+07
-18.7 -1.47516e+07
-18.68 -1.4775e+07
-18.66 -1.47984e+07
-18.64 -1.4822e+07
-18.62 -1.48455e+07
-18.6 -1.48692e+07
-18.58 -1.48929e+07
-18.56 -1.49167e+07
-18.54 -1.49405e+07
-18.52 -1.49643e+07
-18.5 -1.49883e+07
-18.48 -1.50123e+07
-18.46 -1.50363e+07
-18.44 -1.50605e+07
-18.42 -1.50846e+07
-18.4 -1.51089e+07
-18.38 -1.51332e+07
-18.36 -1.51575e+07
-18.34 -1.5182e+07
-18.32 -1.52065e+07
-18.3 -1.5231e+07
-18.28 -1.52556e+07
-18.26 -1.52803e+07
-18.24 -1.5305e+07
-18.22 -1.53298e+07
-18.2 -1.53547e+07
-18.18 -1.53796e+07
-18.16 -1.54046e+07
-18.14 -1.54296e+07
-18.12 -1.54547e+07
-18.1 -1.54799e+07
-18.08 -1.55052e+07
-18.06 -1.55305e+07
-18.04 -1.55558e+07
-18.02 -1.55813e+07
-18 -1.56068e+07
-17.98 -1.56323e+07
-17.96 -1.5658e+07
-17.94 -1.56837e+07
-17.92 -1.57094e+07
-17.9 -1.57353e+07
-17.88 -1.57612e+07
-17.86 -1.57871e+07
-17.84 -1.58131e+07
-17.82 -1.58392e+07
-17.8 -1.58654e+07
-17.78 -1.58916e+07
-17.76 -1.59179e+07
-17.74 -1.59443e+07
-17.72 -1.59707e+07
-17.7 -1.59973e+07
-17.68 -1.60238e+07
-17.66 -1.60505e+07
-17.64 -1.60772e+07
-17.62 -1.6104e+07
-17.6 -1.61308e+07
-17.58 -1.61577e+07
-17.56 -1.61847e+07
-17.54 -1.62118e+07
-17.52 -1.62389e+07
-17.5 -1.62661e+07
-17.48 -1.62934e+07
-17.46 -1.63208e+07
-17.44 -1.63482e+07
-17.42 -1.63757e+07
-17.4 -1.64033e+07
-17.38 -1.64309e+07
-17.36 -1.64586e+07
-17.34 -1.64864e+07
-17.32 -1.65142e+07
-17.3 -1.65422e+07
-17.28 -1.65702e+07
-17.26 -1.65983e+07
-17.24 -1.66264e+07
-17.22 -1.66547e+07
-17.2 -1.6683e+07
-17.18 -1.67114e+07
-17.16 -1.67398e+07
-17.14 -1.67683e+07
-17.12 -1.6797e+07
-17.1 -1.68256e+07
-17.08 -1.68544e+07
-17.06 -1.68832e+07
-17.04 -1.69122e+07
-17.02 -1.69412e+07
-17 -1.69702e+07
-16.98 -1.69994e+07
-16.96 -1.70286e+07
-16.94 -1.70579e+07
-16.92 -1.70873e+07
-16.9 -1.71168e+07
-16.88 -1.71463e+07
-16.86 -1.7176e+07
-16.84 -1.72057e+07
-16.82 -1.72355e+07
-16.8 -1.72653e+07
-16.78 -1.72953e+07
-16.76 -1.73253e+07
-16.74 -1.73555e+07
-16.72 -1.73857e+07
-16.7 -1.74159e+07
-16.68 -1.74463e+07
-16.66 -1.74768e+07
-16.64 -1.75073e+07
-16.62 -1.75379e+07
-16.6 -1.75686e+07
-16.58 -1.75994e+07
-16.56 -1.76303e+07
-16.54 -1.76612e+07
-16.52 -1.76923e+07
-16.5 -1.77234e+07
-16.48 -1.77546e+07
-16.46 -1.77859e+07
-16.44 -1.78173e+07
-16.42 -1.78487e+07
-16.4 -1.78803e+07
-16.38 -1.7912e+07
-16.36 -1.79437e+07
-16.34 -1.79755e+07
-16.32 -1.80074e+07
-16.3 -1.80394e+07
-16.28 -1.80715e+07
-16.26 -1.81037e+07
-16.24 -1.8136e+07
-16.22 -1.81683e+07
-16.2 -1.82008e+07
-16.18 -1.82333e+07
-16.16 -1.8266e+07
-16.14 -1.82987e+07
-16.12 -1.83315e+07
-16.1 -1.83645e+07
-16.08 -1.83975e+07
-16.06 -1.84306e+07
-16.04 -1.84638e+07
-16.02 -1.8497e+07
-16 -1.85304e+07
-15.98 -1.85639e+07
-15.96 -1.85975e+07
-15.94 -1.86312e+07
-15.92 -1.86649e+07
-15.9 -1.86988e+07
-15.88 -1.87327e+07
-15.86 -1.87668e+07
-15.84 -1.8801e+07
-15.82 -1.88352e+07
-15.8 -1.88696e+07
-15.78 -1.8904e+07
-15.76 -1.89386e+07
-15.74 -1.89732e+07
-15.72 -1.9008e+07
-15.7 -1.90428e+07
-15.68 -1.90778e+07
-15.66 -1.91128e+07
-15.64 -1.9148e+07
-15.62 -1.91832e+07
-15.6 -1.92186e+07
-15.58 -1.9254e+07
-15.56 -1.92896e+07
-15.54 -1.93253e+07
-15.52 -1.9361e+07
-15.5 -1.93969e+07
-15.48 -1.94329e+07
-15.46 -1.9469e+07
-15.44 -1.95052e+07
-15.42 -1.95415e+07
-15.4 -1.95779e+07
-15.38 -1.96144e+07
-15.36 -1.9651e+07
-15.34 -1.96877e+07
-15.32 -1.97246e+07
-15.3 -1.97615e+07
-15.28 -1.97986e+07
-15.26 -1.98357e+07
-15.24 -1.9873e+07
-15.22 -1.99104e+07
-15.2 -1.99479e+07
-15.18 -1.99855e+07
-15.16 -2.00232e+07
-15.14 -2.00611e+07
-15.12 -2.0099e+07
-15.1 -2.01371e+07
-15.08 -2.01752e+07
-15.06 -2.02135e+07
-15.04 -2.02519e+07
-15.02 -2.02905e+07
-15 -2.03291e+07
-14.98 -2.03678e+07
-14.96 -2.04067e+07
-14.94 -2.04457e+07
-14.92 -2.04848e+07
-14.9 -2.0524e+07
-14.88 -2.05634e+07
-14.86 -2.06028e+07
-14.84 -2.06424e+07
-14.82 -2.06821e+07
-14.8 -2.07219e+07
-14.78 -2.07619e+07
-14.76 -2.08019e+07
-14.74 -2.08421e+07
-14.72 -2.08824e+07
-14.7 -2.09229e+07
-14.68 -2.09634e+07
-14.66 -2.10041e+07
-14.64 -2.10449e+07
-14.62 -2.10858e+07
-14.6 -2.11269e+07
-14.58 -2.11681e+07
-14.56 -2.12094e+07
-14.54 -2.12508e+07
-14.52 -2.12924e+07
-14.5 -2.13341e+07
-14.48 -2.13759e+07
-14.46 -2.14179e+07
-14.44 -2.146e+07
-14.42 -2.15022e+07
-14.4 -2.15446e+07
-14.38 -2.15871e+07
-14.36 -2.16297e+07
-14.34 -2.16724e+07
-14.32 -2.17153e+07
-14.3 -2.17583e+07
-14.28 -2.18015e+07
-14.26 -2.18448e+07
-14.24 -2.18882e+07
-14.22 -2.19318e+07
-14.2 -2.19755e+07
-14.18 -2.20193e+07
-14.16 -2.20633e+07
-14.14 -2.21074e+07
-14.12 -2.21517e+07
-14.1 -2.21961e+07
-14.08 -2.22406e+07
-14.06 -2.22853e+07
-14.04 -2.23301e+07
-14.02 -2.23751e+07
-14 -2.24202e+07
-13.98 -2.24654e+07
-13.96 -2.25108e+07
-13.94 -2.25564e+07
-13.92 -2.26021e+07
-13.9 -2.26479e+07
-13.88 -2.26939e+07
-13.86 -2.27401e+07
-13.84 -2.27864e+07
-13.82 -2.28328e+07
-13.8 -2.28794e+07
-13.78 -2.29261e+07
-13.76 -2.2973e+07
-13.74 -2.30201e+07
-13.72 -2.30672e+07
-13.7 -2.31146e+07
-13.68 -2.31621e+07
-13.66 -2.32098e+07
-13.64 -2.32576e+07
-13.62 -2.33056e+07
-13.6 -2.33537e+07
-13.58 -2.3402e+07
-13.56 -2.34504e+07
-13.54 -2.3499e+07
-13.52 -2.35478e+07
-13.5 -2.35967e+07
-13.48 -2.36458e+07
-13.46 -2.36951e+07
-13.44 -2.37445e+07
-13.42 -2.37941e+07
-13.4 -2.38438e+07
-13.38 -2.38938e+07
-13.36 -2.39438e+07
-13.34 -2.39941e+07
-13.32 -2.40445e+07
-13.3 -2.40951e+07
-13.28 -2.41458e+07
-13.26 -2.41968e+07
-13.24 -2.42479e+07
-13.22 -2.42991e+07
-13.2 -2.43506e+07
-13.18 -2.44022e+07
-13.16 -2.4454e+07
-13.14 -2.45059e+07
-13.12 -2.45581e+07
-13.1 -2.46104e+07
-13.08 -2.46629e+07
-13.06 -2.47156e+07
-13.04 -2.47684e+07
-13.02 -2.48215e+07
-13 -2.48747e+07
-12.98 -2.49281e+07
-12.96 -2.49817e+07
-12.94 -2.50354e+07
-12.92 -2.50894e+07
-12.9 -2.51435e+07
-12.88 -2.51978e+07
-12.86 -2.52523e+07
-12.84 -2.5307e+07
-12.82 -2.53619e+07
-12.8 -2.5417e+07
-12.78 -2.54723e+07
-12.76 -2.55277e+07
-12.74 -2.55834e+07
-12.72 -2.56393e+07
-12.7 -2.56953e+07
-12.68 -2.57515e+07
-12.66 -2.5808e+07
-12.64 -2.58646e+07
-12.62 -2.59214e+07
-12.6 -2.59785e+07
-12.58 -2.60357e+07
-12.56 -2.60932e+07
-12.54 -2.61508e+07
-12.52 -2.62086e+07
-12.5 -2.62667e+07
-12.48 -2.63249e+07
-12.46 -2.63834e+07
-12.44 -2.64421e+07
-12.42 -2.6501e+07
-12.4 -2.656e+07
-12.38 -2.66193e+07
-12.36 -2.66789e+07
-12.34 -2.67386e+07
-12.32 -2.67985e+07
-12.3 -2.68587e+07
-12.28 -2.6919e+07
-12.26 -2.69796e+07
-12.24 -2.70404e+07
-12.22 -2.71015e+07
-12.2 -2.71627e+07
-12.18 -2.72242e+07
-12.16 -2.72859e+07
-12.14 -2.73478e+07
-12.12 -2.74099e+07
-12.1 -2.74723e+07
-12.08 -2.75349e+07
-12.06 -2.75977e+07
-12.04 -2.76608e+07
-12.02 -2.77241e+07
-12 -2.77876e+07
-11.98 -2.78514e+07
-11.96 -2.79154e+07
-11.94 -2.79796e+07
-11.92 -2.8044e+07
-11.9 -2.81087e+07
-11.88 -2.81737e+07
-11.86 -2.82389e+07
-11.84 -2.83043e+07
-11.82 -2.837e+07
-11.8 -2.84359e+07
-11.78 -2.8502e+07
-11.76 -2.85684e+07
-11.74 -2.86351e+07
-11.72 -2.8702e+07
-11.7 -2.87692e+07
-11.68 -2.88366e+07
-11.66 -2.89042e+07
-11.64 -2.89722e+07
-11.62 -2.90403e+07
-11.6 -2.91088e+07
-11.58 -2.91775e+07
-11.56 -2.92464e+07
-11.54 -2.93157e+07
-11.52 -2.93851e+07
-11.5 -2.94549e+07
-11.48 -2.95249e+07
-11.46 -2.95952e+07
-11.44 -2.96657e+07
-11.42 -2.97366e+07
-11.4 -2.98077e+07
-11.38 -2.9879e+07
-11.36 -2.99507e+07
-11.34 -3.00226e+07
-11.32 -3.00948e+07
-11.3 -3.01673e+07
-11.28 -3.02401e+07
-11.26 -3.03131e+07
-11.24 -3.03864e+07
-11.22 -3.046e+07
-11.2 -3.0534e+07
-11.18 -3.06081e+07
-11.16 -3.06826e+07
-11.14 -3.07574e+07
-11.12 -3.08325e+07
-11.1 -3.09079e+07
-11.08 -3.09835e+07
-11.06 -3.10595e+07
-11.04 -3.11358e+07
-11.02 -3.12123e+07
-11 -3.12892e+07
-10.98 -3.13664e+07
-10.96 -3.14439e+07
-10.94 -3.15217e+07
-10.92 -3.15998e+07
-10.9 -3.16782e+07
-10.88 -3.17569e+07
-10.86 -3.1836e+07
-10.84 -3.19154e+07
-10.82 -3.1995e+07
-10.8 -3.20751e+07
-10.78 -3.21554e+07
-10.76 -3.22361e+07
-10.74 -3.2317e+07
-10.72 -3.23984e+07
-10.7 -3.248e+07
-10.68 -3.2562e+07
-10.66 -3.26443e+07
-10.64 -3.2727e+07
-10.62 -3.281e+07
-10.6 -3.28933e+07
-10.58 -3.2977e+07
-10.56 -3.3061e+07
-10.54 -3.31454e+07
-10.52 -3.32301e+07
-10.5 -3.33152e+07
-10.48 -3.34006e+07
-10.46 -3.34864e+07
-10.44 -3.35725e+07
-10.42 -3.3659e+07
-10.4 -3.37459e+07
-10.38 -3.38331e+07
-10.36 -3.39207e+07
-10.34 -3.40087e+07
-10.32 -3.4097e+07
-10.3 -3.41857e+07
-10.28 -3.42748e+07
-10.26 -3.43642e+07
-10.24 -3.44541e+07
-10.22 -3.45443e+07
-10.2 -3.46349e+07
-10.18 -3.47259e+07
-10.16 -3.48172e+07
-10.14 -3.4909e+07
-10.12 -3.50012e+07
-10.1 -3.50937e+07
-10.08 -3.51867e+07
-10.06 -3.528e+07
-10.04 -3.53738e+07
-10.02 -3.54679e+07
-10 -3.55625e+07
-9.98 -3.56575e+07
-9.96 -3.57529e+07
-9.94 -3.58487e+07
-9.92 -3.59449e+07
-9.9 -3.60416e+07
-9.88 -3.61386e+07
-9.86 -3.62361e+07
-9.84 -3.6334e+07
-9.82 -3.64324e+07
-9.8 -3.65312e+07
-9.78 -3.66304e+07
-9.76 -3.67301e+07
-9.74 -3.68302e+07
-9.72 -3.69307e+07
-9.7 -3.70318e+07
-9.68 -3.71332e+07
-9.66 -3.72351e+07
-9.64 -3.73375e+07
-9.62 -3.74403e+07
-9.6 -3.75436e+07
-9.58 -3.76473e+07
-9.56 -3.77516e+07
-9.54 -3.78562e+07
-9.52 -3.79614e+07
-9.5 -3.80671e+07
-9.48 -3.81732e+07
-9.46 -3.82798e+07
-9.44 -3.83869e+07
-9.42 -3.84945e+07
-9.4 -3.86025e+07
-9.38 -3.87111e+07
-9.36 -3.88202e+07
-9.34 -3.89298e+07
-9.32 -3.90399e+07
-9.3 -3.91504e+07
-9.28 -3.92616e+07
-9.26 -3.93732e+07
-9.24 -3.94853e+07
-9.22 -3.9598e+07
-9.2 -3.97112e+07
-9.18 -3.98249e+07
-9.16 -3.99392e+07
-9.14 -4.00539e+07
-9.12 -4.01693e+07
-9.1 -4.02852e+07
-9.08 -4.04016e+07
-9.06 -4.05186e+07
-9.04 -4.06361e+07
-9.02 -4.07542e+07
-9 -4.08729e+07
-8.98 -4.09921e+07
-8.96 -4.11119e+07
-8.94 -4.12323e+07
-8.92 -4.13532e+07
-8.9 -4.14747e+07
-8.88 -4.15969e+07
-8.86 -4.17196e+07
-8.84 -4.18429e+07
-8.82 -4.19668e+07
-8.8 -4.20913e+07
-8.78 -4.22164e+07
-8.76 -4.23421e+07
-8.74 -4.24685e+07
-8.72 -4.25955e+07
-8.7 -4.27231e+07
-8.68 -4.28513e+07
-8.66 -4.29801e+07
-8.64 -4.31096e+07
-8.62 -4.32398e+07
-8.6 -4.33705e+07
-8.58 -4.3502e+07
-8.56 -4.36341e+07
-8.54 -4.37668e+07
-8.52 -4.39002e+07
-8.5 -4.40343e+07
-8.48 -4.41691e+07
-8.46 -4.43045e+07
-8.44 -4.44407e+07
-8.42 -4.45775e+07
-8.4 -4.4715e+07
-8.38 -4.48532e+07
-8.36 -4.49921e+07
-8.34 -4.51318e+07
-8.32 -4.52721e+07
-8.3 -4.54132e+07
-8.28 -4.5555e+07
-8.26 -4.56975e+07
-8.24 -4.58408e+07
-8.22 -4.59848e+07
-8.2 -4.61296e+07
-8.18 -4.62751e+07
-8.16 -4.64214e+07
-8.14 -4.65684e+07
-8.12 -4.67162e+07
-8.1 -4.68648e+07
-8.08 -4.70142e+07
-8.06 -4.71643e+07
-8.04 -4.73153e+07
-8.02 -4.7467e+07
-8 -4.76196e+07
-7.98 -4.77729e+07
-7.96 -4.79271e+07
-7.94 -4.80822e+07
-7.92 -4.8238e+07
-7.9 -4.83947e+07
-7.88 -4.85522e+07
-7.86 -4.87106e+07
-7.84 -4.88699e+07
-7.82 -4.903e+07
-7.8 -4.91909e+07
-7.78 -4.93528e+07
-7.76 -4.95155e+07
-7.74 -4.96792e+07
-7.72 -4.98437e+07
-7.7 -5.00091e+07
-7.68 -5.01755e+07
-7.66 -5.03428e+07
-7.64 -5.0511e+07
-7.62 -5.06801e+07
-7.6 -5.08502e+07
-7.58 -5.10212e+07
-7.56 -5.11932e+07
-7.54 -5.13662e+07
-7.52 -5.15401e+07
-7.5 -5.1715e+07
-7.48 -5.18909e+07
-7.46 -5.20678e+07
-7.44 -5.22457e+07
-7.42 -5.24246e+07
-7.4 -5.26045e+07
-7.38 -5.27855e+07
-7.36 -5.29675e+07
-7.34 -5.31506e+07
-7.32 -5.33347e+07
-7.3 -5.35199e+07
-7.28 -5.37061e+07
-7.26 -5.38935e+07
-7.24 -5.40819e+07
-7.22 -5.42714e+07
-7.2 -5.44621e+07
-7.18 -5.46538e+07
-7.16 -5.48467e+07
-7.14 -5.50408e+07
-7.12 -5.52359e+07
-7.1 -5.54323e+07
-7.08 -5.56298e+07
-7.06 -5.58285e+07
-7.04 -5.60284e+07
-7.02 -5.62294e+07
-7 -5.64317e+07
-6.98 -5.66352e+07
-6.96 -5.684e+07
-6.94 -5.7046e+07
-6.92 -5.72532e+07
-6.9 -5.74617e+07
-6.88 -5.76715e+07
-6.86 -5.78825e+07
-6.84 -5.80949e+07
-6.82 -5.83086e+07
-6.8 -5.85236e+07
-6.78 -5.87399e+07
-6.76 -5.89576e+07
-6.74 -5.91766e+07
-6.72 -5.9397e+07
-6.7 -5.96188e+07
-6.68 -5.98419e+07
-6.66 -6.00665e+07
-6.64 -6.02925e+07
-6.62 -6.05199e+07
-6.6 -6.07488e+07
-6.58 -6.09791e+07
-6.56 -6.12109e+07
-6.54 -6.14442e+07
-6.52 -6.1679e+07
-6.5 -6.19153e+07
-6.48 -6.21532e+07
-6.46 -6.23926e+07
-6.44 -6.26335e+07
-6.42 -6.2876e+07
-6.4 -6.31201e+07
-6.38 -6.33658e+07
-6.36 -6.36131e+07
-6.34 -6.38621e+07
-6.32 -6.41127e+07
-6.3 -6.43649e+07
-6.28 -6.46189e+07
-6.26 -6.48745e+07
-6.24 -6.51318e+07
-6.22 -6.53909e+07
-6.2 -6.56518e+07
-6.18 -6.59143e+07
-6.16 -6.61787e+07
-6.14 -6.64449e+07
-6.12 -6.67129e+07
-6.1 -6.69827e+07
-6.08 -6.72544e+07
-6.06 -6.75279e+07
-6.04 -6.78033e+07
-6.02 -6.80807e+07
-6 -6.836e+07
-5.98 -6.86412e+07
-5.96 -6.89244e+07
-5.94 -6.92095e+07
-5.92 -6.94967e+07
-5.9 -6.97859e+07
-5.88 -7.00772e+07
-5.86 -7.03705e+07
-5.84 -7.06659e+07
-5.82 -7.09635e+07
-5.8 -7.12631e+07
-5.78 -7.1565e+07
-5.76 -7.1869e+07
-5.74 -7.21752e+07
-5.72 -7.24836e+07
-5.7 -7.27943e+07
-5.68 -7.31073e+07
-5.66 -7.34226e+07
-5.64 -7.37402e+07
-5.62 -7.40601e+07
-5.6 -7.43824e+07
-5.58 -7.47071e+07
-5.56 -7.50343e+07
-5.54 -7.53638e+07
-5.52 -7.56959e+07
-5.5 -7.60305e+07
-5.48 -7.63676e+07
-5.46 -7.67073e+07
-5.44 -7.70495e+07
-5.42 -7.73944e+07
-5.4 -7.77419e+07
-5.38 -7.80921e+07
-5.36 -7.8445e+07
-5.34 -7.88007e+07
-5.32 -7.91591e+07
-5.3 -7.95203e+07
-5.28 -7.98844e+07
-5.26 -8.02513e+07
-5.24 -8.06211e+07
-5.22 -8.09939e+07
-5.2 -8.13696e+07
-5.18 -8.17484e+07
-5.16 -8.21301e+07
-5.14 -8.25149e+07
-5.12 -8.29029e+07
-5.1 -8.3294e+07
-5.08 -8.36882e+07
-5.06 -8.40857e+07
-5.04 -8.44865e+07
-5.02 -8.48905e+07
-5 -8.52979e+07
-4.98 -8.57087e+07
-4.96 -8.61229e+07
-4.94 -8.65405e+07
-4.92 -8.69616e+07
-4.9 -8.73863e+07
-4.88 -8.78146e+07
-4.86 -8.82465e+07
-4.84 -8.86821e+07
-4.82 -8.91215e+07
-4.8 -8.95646e+07
-4.78 -9.00115e+07
-4.76 -9.04623e+07
-4.74 -9.0917e+07
-4.72 -9.13757e+07
-4.7 -9.18383e+07
-4.68 -9.23051e+07
-4.66 -9.2776e+07
-4.64 -9.32511e+07
-4.62 -9.37304e+07
-4.6 -9.42139e+07
-4.58 -9.47019e+07
-4.56 -9.51942e+07
-4.54 -9.5691e+07
-4.52 -9.61923e+07
-4.5 -9.66982e+07
-4.48 -9.72087e+07
-4.46 -9.77239e+07
-4.44 -9.82439e+07
-4.42 -9.87688e+07
-4.4 -9.92985e+07
-4.38 -9.98332e+07
-4.36 -1.00373e+08
-4.34 -1.00918e+08
-4.32 -1.01468e+08
-4.3 -1.02023e+08
-4.28 -1.02584e+08
-4.26 -1.0315e+08
-4.24 -1.03721e+08
-4.22 -1.04298e+08
-4.2 -1.04881e+08
-4.18 -1.05469e+08
-4.16 -1.06063e+08
-4.14 -1.06663e+08
-4.12 -1.07269e+08
-4.1 -1.07881e+08
-4.08 -1.08499e+08
-4.06 -1.09124e+08
-4.04 -1.09754e+08
-4.02 -1.10391e+08
-4 -1.11035e+08
-3.98 -1.11685e+08
-3.96 -1.12342e+08
-3.94 -1.13006e+08
-3.92 -1.13677e+08
-3.9 -1.14355e+08
-3.88 -1.15039e+08
-3.86 -1.15732e+08
-3.84 -1.16431e+08
-3.82 -1.17138e+08
-3.8 -1.17853e+08
-3.78 -1.18575e+08
-3.76 -1.19305e+08
-3.74 -1.20043e+08
-3.72 -1.20789e+08
-3.7 -1.21544e+08
-3.68 -1.22306e+08
-3.66 -1.23078e+08
-3.64 -1.23858e+08
-3.62 -1.24646e+08
-3.6 -1.25444e+08
-3.58 -1.2625e+08
-3.56 -1.27066e+08
-3.54 -1.27892e+08
-3.52 -1.28726e+08
-3.5 -1.29571e+08
-3.48 -1.30425e+08
-3.46 -1.3129e+08
-3.44 -1.32165e+08
-3.42 -1.3305e+08
-3.4 -1.33945e+08
-3.38 -1.34852e+08
-3.36 -1.35769e+08
-3.34 -1.36698e+08
-3.32 -1.37638e+08
-3.3 -1.38589e+08
-3.28 -1.39553e+08
-3.26 -1.40528e+08
-3.24 -1.41515e+08
-3.22 -1.42515e+08
-3.2 -1.43528e+08
-3.18 -1.44554e+08
-3.16 -1.45592e+08
-3.14 -1.46645e+08
-3.12 -1.4771e+08
-3.1 -1.4879e+08
-3.08 -1.49884e+08
-3.06 -1.50993e+08
-3.04 -1.52116e+08
-3.02 -1.53254e+08
-3 -1.54408e+08
-2.98 -1.55577e+08
-2.96 -1.56763e+08
-2.94 -1.57964e+08
-2.92 -1.59183e+08
-2.9 -1.60418e+08
-2.88 -1.61671e+08
-2.86 -1.62941e+08
-2.84 -1.6423e+08
-2.82 -1.65537e+08
-2.8 -1.66863e+08
-2.78 -1.68208e+08
-2.76 -1.69573e+08
-2.74 -1.70958e+08
-2.72 -1.72363e+08
-2.7 -1.7379e+08
-2.68 -1.75238e+08
-2.66 -1.76708e+08
-2.64 -1.782e+08
-2.62 -1.79716e+08
-2.6 -1.81255e+08
-2.58 -1.82818e+08
-2.56 -1.84405e+08
-2.54 -1.86018e+08
-2.52 -1.87657e+08
-2.5 -1.89322e+08
-2.48 -1.91014e+08
-2.46 -1.92734e+08
-2.44 -1.94482e+08
-2.42 -1.9626e+08
-2.4 -1.98067e+08
-2.38 -1.99905e+08
-2.36 -2.01774e+08
-2.34 -2.03675e+08
-2.32 -2.05609e+08
-2.3 -2.07577e+08
-2.28 -2.0958e+08
-2.26 -2.11618e+08
-2.24 -2.13693e+08
-2.22 -2.15806e+08
-2.2 -2.17957e+08
-2.18 -2.20147e+08
-2.16 -2.22379e+08
-2.14 -2.24652e+08
-2.12 -2.26968e+08
-2.1 -2.29329e+08
-2.08 -2.31735e+08
-2.06 -2.34188e+08
-2.04 -2.36689e+08
-2.02 -2.3924e+08
-2 -2.41842e+08
-1.98 -2.44496e+08
-1.96 -2.47205e+08
-1.94 -2.4997e+08
-1.92 -2.52792e+08
-1.9 -2.55674e+08
-1.88 -2.58617e+08
-1.86 -2.61624e+08
-1.84 -2.64695e+08
-1.82 -2.67835e+08
-1.8 -2.71044e+08
-1.78 -2.74325e+08
-1.76 -2.7768e+08
-1.74 -2.81113e+08
-1.72 -2.84625e+08
-1.7 -2.8822e+08
-1.68 -2.919e+08
-1.66 -2.95668e+08
-1.64 -2.99529e+08
-1.62 -3.03484e+08
-1.6 -3.07537e+08
-1.58 -3.11693e+08
-1.56 -3.15955e+08
-1.54 -3.20327e+08
-1.52 -3.24814e+08
-1.5 -3.29419e+08
-1.48 -3.34149e+08
-1.46 -3.39007e+08
-1.44 -3.43999e+08
-1.42 -3.4913e+08
-1.4 -3.54407e+08
-1.38 -3.59836e+08
-1.36 -3.65423e+08
-1.34 -3.71176e+08
-1.32 -3.77101e+08
-1.3 -3.83207e+08
-1.28 -3.89501e+08
-1.26 -3.95993e+08
-1.24 -4.02692e+08
-1.22 -4.09608e+08
-1.2 -4.16752e+08
-1.18 -4.24134e+08
-1.16 -4.31768e+08
-1.14 -4.39665e+08
-1.12 -4.4784e+08
-1.1 -4.56308e+08
-1.08 -4.65083e+08
-1.06 -4.74184e+08
-1.04 -4.83629e+08
-1.02 -4.93436e+08
-1 -5.03628e+08
-0.98 -5.14227e+08
-0.96 -5.25257e+08
-0.94 -5.36746e+08
-0.92 -5.48721e+08
-0.9 -5.61215e+08
-0.88 -5.74261e+08
-0.86 -5.87897e+08
-0.84 -6.02161e+08
-0.82 -6.17099e+08
-0.8 -6.32759e+08
-0.78 -6.49193e+08
-0.76 -6.66459e+08
-0.74 -6.84621e+08
-0.72 -7.03749e+08
-0.7 -7.23921e+08
-0.68 -7.45224e+08
-0.66 -7.67752e+08
-0.64 -7.91612e+08
-0.62 -8.16923e+08
-0.6 -8.43818e+08
-0.58 -8.72446e+08
-0.56 -9.02976e+08
-0.54 -9.35595e+08
-0.52 -9.7052e+08
-0.5 -1.00799e+09
-0.48 -1.04829e+09
-0.46 -1.09173e+09
-0.44 -1.13868e+09
-0.42 -1.18954e+09
-0.4 -1.24481e+09
-0.38 -1.30502e+09
-0.36 -1.37082e+09
-0.34 -1.44294e+09
-0.32 -1.52222e+09
-0.3 -1.60961e+09
-0.28 -1.7062e+09
-0.26 -1.81317e+09
-0.24 -1.93176e+09
-0.22 -2.06314e+09
-0.2 -2.20818e+09
-0.18 -2.36689e+09
-0.16 -2.53741e+09
-0.14 -2.71394e+09
-0.12 -2.8828e+09
-0.1 -3.0151e+09
-0.08 -3.05396e+09
-0.06 -2.89547e+09
-0.04 -2.36998e+09
-0.02 -1.248e+09
0 6.92023e+08
0 -2.78848e+10
0.02 -2.78993e+10
0.04 -2.79139e+10
0.06 -2.79288e+10
0.08 -2.79439e+10
0.1 -2.79592e+10
0.12 -2.79748e+10
0.14 -2.79905e+10
0.16 -2.80065e+10
0.18 -2.80227e+10
0.2 -2.8039e+10
0.22 -2.80556e+10
0.24 -2.80725e+10
0.26 -2.80895e+10
0.28 -2.81068e+10
0.3 -2.81243e+10
0.32 -2.8142e+10
0.34 -2.81599e+10
0.36 -2.8178e+10
0.38 -2.81964e+10
0.4 -2.82149e+10
0.42 -2.82337e+10
0.44 -2.82528e+10
0.46 -2.8272e+10
0.48 -2.82914e+10
0.5 -2.83111e+10
0.52 -2.8331e+10
0.54 -2.83511e+10
0.56 -2.83714e+10
0.58 -2.83919e+10
0.6 -2.84126e+10
0.62 -2.84336e+10
0.64 -2.84547e+10
0.66 -2.84761e+10
0.68 -2.84977e+10
0.7 -2.85194e+10
0.72 -2.85414e+10
0.74 -2.85636e+10
0.76 -2.85859e+10
0.78 -2.86085e+10
0.8 -2.86312e+10
0.82 -2.86542e+10
0.84 -2.86773e+10
0.86 -2.87006e+10
0.88 -2.87242e+10
0.9 -2.87478e+10
0.92 -2.87717e+10
0.94 -2.87958e+10
0.96 -2.882e+10
0.98 -2.88444e+10
1 -2.88689e+10
1.02 -2.88937e+10
1.04 -2.89186e+10
1.06 -2.89437e+10
1.08 -2.89689e+10
1.1 -2.89943e+10
1.12 -2.90198e+10
1.14 -2.90456e+10
1.16 -2.90714e+10
1.18 -2.90974e+10
1.2 -2.91236e+10
1.22 -2.91499e+10
1.24 -2.91764e+10
1.26 -2.9203e+10
1.28 -2.92298e+10
1.3 -2.92567e+10
1.32 -2.92838e+10
1.34 -2.9311e+10
1.36 -2.93383e+10
1.38 -2.93658e+10
1.4 -2.93934e+10
1.42 -2.94211e+10
1.44 -2.9449e+10
1.46 -2.9477e+10
1.48 -2.95051e+10
1.5 -2.95334e+10
1.52 -2.95618e+10
1.54 -2.95903e+10
1.56 -2.96189e+10
1.58 -2.96477e+10
1.6 -2.96766e+10
1.62 -2.97056e+10
1.64 -2.97347e+10
1.66 -2.9764e+10
1.68 -2.97933e+10
1.7 -2.98228e+10
1.72 -2.98524e+10
1.74 -2.98822e+10
1.76 -2.9912e+10
1.78 -2.9942e+10
1.8 -2.9972e+10
1.82 -3.00022e+10
1.84 -3.00325e+10
1.86 -3.00629e+10
1.88 -3.00935e+10
1.9 -3.01241e+10
1.92 -3.01548e+10
1.94 -3.01857e+10
1.96 -3.02166e+10
1.98 -3.02477e+10
2 -3.02789e+10
2.02 -3.03102e+10
2.04 -3.03416e+10
2.06 -3.03731e+10
2.08 -3.04047e+10
2.1 -3.04364e+10
2.12 -3.04682e+10
2.14 -3.05001e+10
2.16 -3.05322e+10
2.18 -3.05643e+10
2.2 -3.05965e+10
2.22 -3.06289e+10
2.24 -3.06613e+10
2.26 -3.06939e+10
2.28 -3.07265e+10
2.3 -3.07593e+10
2.32 -3.07921e+10
2.34 -3.08251e+10
2.36 -3.08581e+10
2.38 -3.08913e+10
2.4 -3.09245e+10
2.42 -3.09579e+10
2.44 -3.09914e+10
2.46 -3.10249e+10
2.48 -3.10586e+10
2.5 -3.10924e+10
2.52 -3.11262e+10
2.54 -3.11602e+10
2.56 -3.11943e+10
2.58 -3.12284e+10
2.6 -3.12627e+10
2.62 -3.12971e+10
2.64 -3.13315e+10
2.66 -3.13661e+10
2.68 -3.14007e+10
2.7 -3.14355e+10
2.72 -3.14704e+10
2.74 -3.15053e+10
2.76 -3.15404e+10
2.78 -3.15756e+10
2.8 -3.16108e+10
2.82 -3.16462e+10
2.84 -3.16817e+10
2.86 -3.17172e+10
2.88 -3.17529e+10
2.9 -3.17887e+10
2.92 -3.18245e+10
2.94 -3.18605e+10
2.96 -3.18965e+10
2.98 -3.19327e+10
3 -3.1969e+10
3.02 -3.20053e+10
3.04 -3.20418e+10
3.06 -3.20784e+10
3.08 -3.2115e+10
3.1 -3.21518e+10
3.12 -3.21887e+10
3.14 -3.22256e+10
3.16 -3.22627e+10
3.18 -3.22999e+10
3.2 -3.23371e+10
3.22 -3.23745e+10
3.24 -3.2412e+10
3.26 -3.24496e+10
3.28 -3.24873e+10
3.3 -3.2525e+10
3.32 -3.25629e+10
3.34 -3.26009e+10
3.36 -3.2639e+10
3.38 -3.26772e+10
3.4 -3.27155e+10
3.42 -3.27539e+10
3.44 -3.27924e+10
3.46 -3.2831e+10
3.48 -3.28697e+10
3.5 -3.29085e+10
3.52 -3.29474e+10
3.54 -3.29865e+10
3.56 -3.30256e+10
3.58 -3.30648e+10
3.6 -3.31042e+10
3.62 -3.31436e+10
3.64 -3.31831e+10
3.66 -3.32228e+10
3.68 -3.32626e+10
3.7 -3.33024e+10
3.72 -3.33424e+10
3.74 -3.33825e+10
3.76 -3.34227e+10
3.78 -3.3463e+10
3.8 -3.35034e+10
3.82 -3.35439e+10
3.84 -3.35845e+10
3.86 -3.36252e+10
3.88 -3.36661e+10
3.9 -3.3707e+10
3.92 -3.37481e+10
3.94 -3.37892e+10
3.96 -3.38305e+10
3.98 -3.38719e+10
4 -3.39134e+10
4.02 -3.3955e+10
4.04 -3.39967e+10
4.06 -3.40386e+10
4.08 -3.40805e+10
4.1 -3.41225e+10
4.12 -3.41647e+10
4.14 -3.4207e+10
4.16 -3.42494e+10
4.18 -3.42919e+10
4.2 -3.43345e+10
4.22 -3.43773e+10
4.24 -3.44201e+10
4.26 -3.44631e+10
4.28 -3.45061e+10
4.3 -3.45493e+10
4.32 -3.45927e+10
4.34 -3.46361e+10
4.36 -3.46796e+10
4.38 -3.47233e+10
4.4 -3.47671e+10
4.42 -3.4811e+10
4.44 -3.4855e+10
4.46 -3.48991e+10
4.48 -3.49434e+10
4.5 -3.49877e+10
4.52 -3.50322e+10
4.54 -3.50768e+10
4.56 -3.51216e+10
4.58 -3.51664e+10
4.6 -3.52114e+10
4.62 -3.52565e+10
4.64 -3.53017e+10
4.66 -3.53471e+10
4.68 -3.53925e+10
4.7 -3.54381e+10
4.72 -3.54838e+10
4.74 -3.55297e+10
4.76 -3.55756e+10
4.78 -3.56217e+10
4.8 -3.56679e+10
4.82 -3.57143e+10
4.84 -3.57607e+10
4.86 -3.58073e+10
4.88 -3.5854e+10
4.9 -3.59009e+10
4.92 -3.59478e+10
4.94 -3.59949e+10
4.96 -3.60422e+10
4.98 -3.60895e+10
5 -3.6137e+10
5.02 -3.61847e+10
5.04 -3.62324e+10
5.06 -3.62803e+10
5.08 -3.63283e+10
5.1 -3.63765e+10
5.12 -3.64247e+10
5.14 -3.64732e+10
5.16 -3.65217e+10
5.18 -3.65704e+10
5.2 -3.66192e+10
5.22 -3.66682e+10
5.24 -3.67173e+10
5.26 -3.67665e+10
5.28 -3.68158e+10
5.3 -3.68653e+10
5.32 -3.6915e+10
5.34 -3.69648e+10
5.36 -3.70147e+10
5.38 -3.70647e+10
5.4 -3.71149e+10
5.42 -3.71653e+10
5.44 -3.72157e+10
5.46 -3.72664e+10
5.48 -3.73171e+10
5.5 -3.7368e+10
5.52 -3.74191e+10
5.54 -3.74703e+10
5.56 -3.75216e+10
5.58 -3.75731e+10
5.6 -3.76247e+10
5.62 -3.76765e+10
5.64 -3.77284e+10
5.66 -3.77805e+10
5.68 -3.78327e+10
5.7 -3.7885e+10
5.72 -3.79376e+10
5.74 -3.79902e+10
5.76 -3.8043e+10
5.78 -3.8096e+10
5.8 -3.81491e+10
5.82 -3.82024e+10
5.84 -3.82558e+10
5.86 -3.83094e+10
5.88 -3.83631e+10
5.9 -3.8417e+10
5.92 -3.8471e+10
5.94 -3.85252e+10
5.96 -3.85795e+10
5.98 -3.8634e+10
6 -3.86887e+10
6.02 -3.87435e+10
6.04 -3.87985e+10
6.06 -3.88536e+10
6.08 -3.89089e+10
6.1 -3.89644e+10
6.12 -3.902e+10
6.14 -3.90758e+10
6.16 -3.91318e+10
6.18 -3.91879e+10
6.2 -3.92441e+10
6.22 -3.93006e+10
6.24 -3.93572e+10
6.26 -3.9414e+10
6.28 -3.94709e+10
6.3 -3.9528e+10
6.32 -3.95853e+10
6.34 -3.96427e+10
6.36 -3.97003e+10
6.38 -3.97581e+10
6.4 -3.98161e+10
6.42 -3.98742e+10
6.44 -3.99325e+10
6.46 -3.9991e+10
6.48 -4.00496e+10
6.5 -4.01084e+10
6.52 -4.01674e+10
6.54 -4.02266e+10
6.56 -4.0286e+10
6.58 -4.03455e+10
6.6 -4.04052e+10
6.62 -4.04651e+10
6.64 -4.05252e+10
6.66 -4.05854e+10
6.68 -4.06458e+10
6.7 -4.07065e+10
6.72 -4.07673e+10
6.74 -4.08282e+10
6.76 -4.08894e+10
6.78 -4.09508e+10
6.8 -4.10123e+10
6.82 -4.1074e+10
6.84 -4.1136e+10
6.86 -4.11981e+10
6.88 -4.12604e+10
6.9 -4.13228e+10
6.92 -4.13855e+10
6.94 -4.14484e+10
6.96 -4.15115e+10
6.98 -4.15747e+10
7 -4.16382e+10
7.02 -4.17018e+10
7.04 -4.17657e+10
7.06 -4.18297e+10
7.08 -4.1894e+10
7.1 -4.19584e+10
7.12 -4.2023e+10
7.14 -4.20879e+10
7.16 -4.21529e+10
7.18 -4.22182e+10
7.2 -4.22836e+10
7.22 -4.23493e+10
7.24 -4.24152e+10
7.26 -4.24812e+10
7.28 -4.25475e+10
7.3 -4.2614e+10
7.32 -4.26807e+10
7.34 -4.27476e+10
7.36 -4.28148e+10
7.38 -4.28821e+10
7.4 -4.29496e+10
7.42 -4.30174e+10
7.44 -4.30854e+10
7.46 -4.31536e+10
7.48 -4.3222e+10
7.5 -4.32906e+10
7.52 -4.33595e+10
7.54 -4.34286e+10
7.56 -4.34979e+10
7.58 -4.35674e+10
7.6 -4.36371e+10
7.62 -4.37071e+10
7.64 -4.37773e+10
7.66 -4.38477e+10
7.68 -4.39184e+10
7.7 -4.39892e+10
7.72 -4.40603e+10
7.74 -4.41317e+10
7.76 -4.42033e+10
7.78 -4.42751e+10
7.8 -4.43471e+10
7.82 -4.44194e+10
7.84 -4.44919e+10
7.86 -4.45647e+10
7.88 -4.46377e+10
7.9 -4.47109e+10
7.92 -4.47844e+10
7.94 -4.48581e+10
7.96 -4.49321e+10
7.98 -4.50063e+10
8 -4.50807e+10
8.02 -4.51554e+10
8.04 -4.52304e+10
8.06 -4.53056e+10
8.08 -4.5381e+10
8.1 -4.54567e+10
8.12 -4.55327e+10
8.14 -4.56089e+10
8.16 -4.56854e+10
8.18 -4.57621e+10
8.2 -4.58391e+10
8.22 -4.59163e+10
8.24 -4.59939e+10
8.26 -4.60716e+10
8.28 -4.61497e+10
8.3 -4.6228e+10
8.32 -4.63065e+10
8.34 -4.63854e+10
8.36 -4.64645e+10
8.38 -4.65439e+10
8.4 -4.66235e+10
8.42 -4.67034e+10
8.44 -4.67836e+10
8.46 -4.68641e+10
8.48 -4.69449e+10
8.5 -4.70259e+10
8.52 -4.71072e+10
8.54 -4.71888e+10
8.56 -4.72707e+10
8.58 -4.73528e+10
8.6 -4.74353e+10
8.62 -4.7518e+10
8.64 -4.7601e+10
8.66 -4.76844e+10
8.68 -4.7768e+10
8.7 -4.78519e+10
8.72 -4.79361e+10
8.74 -4.80206e+10
8.76 -4.81054e+10
8.78 -4.81905e+10
8.8 -4.82758e+10
8.82 -4.83615e+10
8.84 -4.84475e+10
8.86 -4.85339e+10
8.88 -4.86205e+10
8.9 -4.87074e+10
8.92 -4.87946e+10
8.94 -4.88822e+10
8.96 -4.89701e+10
8.98 -4.90582e+10
9 -4.91467e+10
9.02 -4.92355e+10
9.04 -4.93247e+10
9.06 -4.94141e+10
9.08 -4.95039e+10
9.1 -4.9594e+10
9.12 -4.96845e+10
9.14 -4.97753e+10
9.16 -4.98664e+10
9.18 -4.99578e+10
9.2 -5.00496e+10
9.22 -5.01417e+10
9.24 -5.02341e+10
9.26 -5.03269e+10
9.28 -5.042e+10
9.3 -5.05135e+10
9.32 -5.06073e+10
9.34 -5.07015e+10
9.36 -5.0796e+10
9.38 -5.08909e+10
9.4 -5.09861e+10
9.42 -5.10817e+10
9.44 -5.11776e+10
9.46 -5.12739e+10
9.48 -5.13706e+10
9.5 -5.14676e+10
9.52 -5.1565e+10
9.54 -5.16628e+10
9.56 -5.17609e+10
9.58 -5.18594e+10
9.6 -5.19583e+10
9.62 -5.20575e+10
9.64 -5.21572e+10
9.66 -5.22572e+10
9.68 -5.23576e+10
9.7 -5.24583e+10
9.72 -5.25595e+10
9.74 -5.26611e+10
9.76 -5.2763e+10
9.78 -5.28653e+10
9.8 -5.29681e+10
9.82 -5.30712e+10
9.84 -5.31747e+10
9.86 -5.32787e+10
9.88 -5.3383e+10
9.9 -5.34877e+10
9.92 -5.35929e+10
9.94 -5.36985e+10
9.96 -5.38044e+10
9.98 -5.39108e+10
10 -5.40177e+10
10.02 -5.41249e+10
10.04 -5.42326e+10
10.06 -5.43407e+10
10.08 -5.44492e+10
10.1 -5.45581e+10
10.12 -5.46675e+10
10.14 -5.47773e+10
10.16 -5.48876e+10
10.18 -5.49983e+10
10.2 -5.51094e+10
10.22 -5.5221e+10
10.24 -5.53331e+10
10.26 -5.54455e+10
10.28 -5.55585e+10
10.3 -5.56719e+10
10.32 -5.57858e+10
10.34 -5.59001e+10
10.36 -5.60149e+10
10.38 -5.61302e+10
10.4 -5.62459e+10
10.42 -5.63621e+10
10.44 -5.64788e+10
10.46 -5.65959e+10
10.48 -5.67136e+10
10.5 -5.68317e+10
10.52 -5.69504e+10
10.54 -5.70695e+10
10.56 -5.71891e+10
10.58 -5.73092e+10
10.6 -5.74298e+10
10.62 -5.75509e+10
10.64 -5.76725e+10
10.66 -5.77947e+10
10.68 -5.79173e+10
10.7 -5.80405e+10
10.72 -5.81641e+10
10.74 -5.82883e+10
10.76 -5.84131e+10
10.78 -5.85383e+10
10.8 -5.86641e+10
10.82 -5.87904e+10
10.84 -5.89173e+10
10.86 -5.90447e+10
10.88 -5.91727e+10
10.9 -5.93012e+10
10.92 -5.94302e+10
10.94 -5.95598e+10
10.96 -5.969e+10
10.98 -5.98207e+10
11 -5.9952e+10
11.02 -6.00839e+10
11.04 -6.02164e+10
11.06 -6.03494e+10
11.08 -6.0483e+10
11.1 -6.06172e+10
11.12 -6.0752e+10
11.14 -6.08873e+10
11.16 -6.10233e+10
11.18 -6.11599e+10
11.2 -6.12971e+10
11.22 -6.14348e+10
11.24 -6.15732e+10
11.26 -6.17123e+10
11.28 -6.18519e+10
11.3 -6.19921e+10
11.32 -6.2133e+10
11.34 -6.22745e+10
11.36 -6.24167e+10
11.38 -6.25595e+10
11.4 -6.27029e+10
11.42 -6.2847e+10
11.44 -6.29918e+10
11.46 -6.31372e+10
11.48 -6.32832e+10
11.5 -6.343e+10
11.52 -6.35774e+10
11.54 -6.37255e+10
11.56 -6.38742e+10
11.58 -6.40237e+10
11.6 -6.41738e+10
11.62 -6.43246e+10
11.64 -6.44761e+10
11.66 -6.46284e+10
11.68 -6.47813e+10
11.7 -6.4935e+10
11.72 -6.50893e+10
11.74 -6.52444e+10
11.76 -6.54002e+10
11.78 -6.55568e+10
11.8 -6.57141e+10
11.82 -6.58721e+10
11.84 -6.60309e+10
11.86 -6.61904e+10
11.88 -6.63507e+10
11.9 -6.65117e+10
11.92 -6.66736e+10
11.94 -6.68362e+10
11.96 -6.69995e+10
11.98 -6.71637e+10
12 -6.73286e+10
12.02 -6.74944e+10
12.04 -6.76609e+10
12.06 -6.78283e+10
12.08 -6.79964e+10
12.1 -6.81654e+10
12.12 -6.83352e+10
12.14 -6.85058e+10
12.16 -6.86773e+10
12.18 -6.88496e+10
12.2 -6.90228e+10
12.22 -6.91968e+10
12.24 -6.93717e+10
12.26 -6.95474e+10
12.28 -6.9724e+10
12.3 -6.99015e+10
12.32 -7.00798e+10
12.34 -7.02591e+10
12.36 -7.04393e+10
12.38 -7.06203e+10
12.4 -7.08023e+10
12.42 -7.09852e+10
12.44 -7.1169e+10
12.46 -7.13537e+10
12.48 -7.15394e+10
12.5 -7.1726e+10
12.52 -7.19136e+10
12.54 -7.21021e+10
12.56 -7.22916e+10
12.58 -7.24821e+10
12.6 -7.26735e+10
12.62 -7.28659e+10
12.64 -7.30594e+10
12.66 -7.32538e+10
12.68 -7.34492e+10
12.7 -7.36456e+10
12.72 -7.38431e+10
12.74 -7.40416e+10
12.76 -7.42411e+10
12.78 -7.44417e+10
12.8 -7.46433e+10
12.82 -7.4846e+10
12.84 -7.50498e+10
12.86 -7.52546e+10
12.88 -7.54606e+10
12.9 -7.56676e+10
12.92 -7.58757e+10
12.94 -7.60849e+10
12.96 -7.62953e+10
12.98 -7.65068e+10
13 -7.67194e+10
13.02 -7.69331e+10
13.04 -7.7148e+10
13.06 -7.73641e+10
13.08 -7.75814e+10
13.1 -7.77998e+10
13.12 -7.80194e+10
13.14 -7.82402e+10
13.16 -7.84622e+10
13.18 -7.86854e+10
13.2 -7.89099e+10
13.22 -7.91356e+10
13.24 -7.93625e+10
13.26 -7.95907e+10
13.28 -7.98202e+10
13.3 -8.00509e+10
13.32 -8.02829e+10
13.34 -8.05162e+10
13.36 -8.07509e+10
13.38 -8.09868e+10
13.4 -8.1224e+10
13.42 -8.14626e+10
13.44 -8.17026e+10
13.46 -8.19439e+10
13.48 -8.21865e+10
13.5 -8.24306e+10
13.52 -8.2676e+10
13.54 -8.29228e+10
13.56 -8.3171e+10
13.58 -8.34207e+10
13.6 -8.36718e+10
13.62 -8.39243e+10
13.64 -8.41783e+10
13.66 -8.44338e+10
13.68 -8.46907e+10
13.7 -8.49491e+10
13.72 -8.52091e+10
13.74 -8.54705e+10
13.76 -8.57335e+10
13.78 -8.5998e+10
13.8 -8.62641e+10
13.82 -8.65317e+10
13.84 -8.68009e+10
13.86 -8.70717e+10
13.88 -8.73441e+10
13.9 -8.76181e+10
13.92 -8.78938e+10
13.94 -8.81711e+10
13.96 -8.845e+10
13.98 -8.87306e+10
14 -8.90129e+10
14.02 -8.92969e+10
14.04 -8.95826e+10
14.06 -8.987e+10
14.08 -9.01592e+10
14.1 -9.04501e+10
14.12 -9.07428e+10
14.14 -9.10372e+10
14.16 -9.13335e+10
14.18 -9.16315e+10
14.2 -9.19314e+10
14.22 -9.22331e+10
14.24 -9.25367e+10
14.26 -9.28422e+10
14.28 -9.31495e+10
14.3 -9.34587e+10
14.32 -9.37699e+10
14.34 -9.4083e+10
14.36 -9.4398e+10
14.38 -9.4715e+10
14.4 -9.5034e+10
14.42 -9.53549e+10
14.44 -9.56779e+10
14.46 -9.60029e+10
14.48 -9.633e+10
14.5 -9.66591e+10
14.52 -9.69903e+10
14.54 -9.73236e+10
14.56 -9.7659e+10
14.58 -9.79965e+10
14.6 -9.83362e+10
14.62 -9.8678e+10
14.64 -9.9022e+10
14.66 -9.93683e+10
14.68 -9.97167e+10
14.7 -1.00067e+11
14.72 -1.0042e+11
14.74 -1.00776e+11
14.76 -1.01133e+11
14.78 -1.01493e+11
14.8 -1.01855e+11
14.82 -1.02219e+11
14.84 -1.02586e+11
14.86 -1.02956e+11
14.88 -1.03327e+11
14.9 -1.03701e+11
14.92 -1.04078e+11
14.94 -1.04457e+11
14.96 -1.04838e+11
14.98 -1.05222e+11
15 -1.05609e+11
15.02 -1.05998e+11
15.04 -1.06389e+11
15.06 -1.06783e+11
15.08 -1.0718e+11
15.1 -1.07579e+11
15.12 -1.07981e+11
15.14 -1.08386e+11
15.16 -1.08793e+11
15.18 -1.09203e+11
15.2 -1.09616e+11
15.22 -1.10032e+11
15.24 -1.1045e+11
15.26 -1.10871e+11
15.28 -1.11295e+11
15.3 -1.11722e+11
15.32 -1.12151e+11
15.34 -1.12584e+11
15.36 -1.13019e+11
15.38 -1.13457e+11
15.4 -1.13899e+11
15.42 -1.14343e+11
15.44 -1.1479e+11
15.46 -1.1524e+11
15.48 -1.15693e+11
15.5 -1.16149e+11
15.52 -1.16608e+11
15.54 -1.17071e+11
15.56 -1.17536e+11
15.58 -1.18005e+11
15.6 -1.18476e+11
15.62 -1.18951e+11
15.64 -1.19429e+11
15.66 -1.1991e+11
15.68 -1.20395e+11
15.7 -1.20883e+11
15.72 -1.21373e+11
15.74 -1.21868e+11
15.76 -1.22365e+11
15.78 -1.22866e+11
15.8 -1.2337e+11
15.82 -1.23878e+11
15.84 -1.24389e+11
15.86 -1.24903e+11
15.88 -1.25421e+11
15.9 -1.25942e+11
15.92 -1.26467e+11
15.94 -1.26995e+11
15.96 -1.27526e+11
15.98 -1.28061e+11
16 -1.286e+11
16.02 -1.29142e+11
16.04 -1.29687e+11
16.06 -1.30237e+11
16.08 -1.30789e+11
16.1 -1.31346e+11
16.12 -1.31906e+11
16.14 -1.32469e+11
16.16 -1.33036e+11
16.18 -1.33607e+11
16.2 -1.34181e+11
16.22 -1.34759e+11
16.24 -1.35341e+11
16.26 -1.35926e+11
16.28 -1.36515e+11
16.3 -1.37107e+11
16.32 -1.37704e+11
16.34 -1.38303e+11
16.36 -1.38907e+11
16.38 -1.39514e+11
16.4 -1.40125e+11
16.42 -1.40739e+11
16.44 -1.41357e+11
16.46 -1.41979e+11
16.48 -1.42604e+11
16.5 -1.43233e+11
16.52 -1.43865e+11
16.54 -1.44502e+11
16.56 -1.45141e+11
16.58 -1.45784e+11
16.6 -1.46431e+11
16.62 -1.47081e+11
16.64 -1.47735e+11
16.66 -1.48392e+11
16.68 -1.49052e+11
16.7 -1.49716e+11
16.72 -1.50383e+11
16.74 -1.51053e+11
16.76 -1.51727e+11
16.78 -1.52404e+11
16.8 -1.53084e+11
16.82 -1.53767e+11
16.84 -1.54453e+11
16.86 -1.55142e+11
16.88 -1.55834e+11
16.9 -1.56529e+11
16.92 -1.57227e+11
16.94 -1.57927e+11
16.96 -1.5863e+11
16.98 -1.59335e+11
17 -1.60043e+11
17.02 -1.60753e+11
17.04 -1.61466e+11
17.06 -1.6218e+11
17.08 -1.62896e+11
17.1 -1.63615e+11
17.12 -1.64335e+11
17.14 -1.65056e+11
17.16 -1.6578e+11
17.18 -1.66504e+11
17.2 -1.6723e+11
17.22 -1.67956e+11
17.24 -1.68684e+11
17.26 -1.69412e+11
17.28 -1.7014e+11
17.3 -1.70869e+11
17.32 -1.71598e+11
17.34 -1.72327e+11
17.36 -1.73055e+11
17.38 -1.73783e+11
17.4 -1.7451e+11
17.42 -1.75236e+11
17.44 -1.7596e+11
17.46 -1.76683e+11
17.48 -1.77403e+11
17.5 -1.78122e+11
17.52 -1.78838e+11
17.54 -1.79551e+11
17.56 -1.80261e+11
17.58 -1.80967e+11
17.6 -1.81669e+11
17.62 -1.82367e+11
17.64 -1.83061e+11
17.66 -1.83749e+11
17.68 -1.84431e+11
17.7 -1.85108e+11
17.72 -1.85778e+11
17.74 -1.86441e+11
17.76 -1.87096e+11
17.78 -1.87744e+11
17.8 -1.88383e+11
17.82 -1.89013e+11
17.84 -1.89634e+11
17.86 -1.90244e+11
17.88 -1.90843e+11
17.9 -1.91431e+11
17.92 -1.92007e+11
17.94 -1.9257e+11
17.96 -1.93119e+11
17.98 -1.93655e+11
18 -1.94175e+11
18.02 -1.94679e+11
18.04 -1.95168e+11
18.06 -1.95638e+11
18.08 -1.96091e+11
18.1 -1.96525e+11
18.12 -1.96938e+11
18.14 -1.97331e+11
18.16 -1.97702e+11
18.18 -1.98051e+11
18.2 -1.98376e+11
18.22 -1.98676e+11
18.24 -1.9895e+11
18.26 -1.99197e+11
18.28 -1.99417e+11
18.3 -1.99608e+11
18.32 -1.99768e+11
18.34 -1.99897e+11
18.36 -1.99994e+11
18.38 -2.00057e+11
18.4 -2.00085e+11
18.42 -2.00077e+11
18.44 -2.00031e+11
18.46 -1.99946e+11
18.48 -1.99822e+11
18.5 -1.99656e+11
18.52 -1.99447e+11
18.54 -1.99194e+11
18.56 -1.98896e+11
18.58 -1.9855e+11
18.6 -1.98156e+11
18.62 -1.97712e+11
18.64 -1.97217e+11
18.66 -1.96669e+11
18.68 -1.96067e+11
18.7 -1.9541e+11
18.72 -1.94695e+11
18.74 -1.93921e+11
18.76 -1.93088e+11
18.78 -1.92193e+11
18.8 -1.91235e+11
18.82 -1.90213e+11
18.84 -1.89124e+11
18.86 -1.87969e+11
18.88 -1.86745e+11
18.9 -1.85451e+11
18.92 -1.84086e+11
18.94 -1.82648e+11
18.96 -1.81136e+11
18.98 -1.7955e+11
19 -1.77887e+11
19.02 -1.76147e+11
19.04 -1.74328e+11
19.06 -1.7243e+11
19.08 -1.70452e+11
19.1 -1.68393e+11
19.12 -1.66251e+11
19.14 -1.64027e+11
19.16 -1.61719e+11
19.18 -1.59328e+11
19.2 -1.56851e+11
19.22 -1.5429e+11
19.24 -1.51644e+11
19.26 -1.48913e+11
19.28 -1.46096e+11
19.3 -1.43193e+11
19.32 -1.40206e+11
19.34 -1.37133e+11
19.36 -1.33975e+11
19.38 -1.30733e+11
19.4 -1.27407e+11
19.42 -1.23999e+11
19.44 -1.20508e+11
19.46 -1.16935e+11
19.48 -1.13283e+11
19.5 -1.09551e+11
19.52 -1.05741e+11
19.54 -1.01855e+11
19.56 -9.78931e+10
19.58 -9.38579e+10
19.6 -8.97507e+10
19.62 -8.5573e+10
19.64 -8.13267e+10
19.66 -7.70133e+10
19.68 -7.26347e+10
19.7 -6.81927e+10
19.72 -6.36889e+10
19.74 -5.91252e+10
19.76 -5.45034e+10
19.78 -4.98254e+10
19.8 -4.50936e+10
19.82 -4.03114e+10
19.84 -3.54841e+10
19.86 -3.06209e+10
19.88 -2.57391e+10
19.9 -2.08713e+10
19.92 -1.6078e+10
19.94 -1.14668e+10
19.96 -7.21126e+09
19.98 -3.54453e+09
20 -6.92023e+08
